34.225258	-77.875004
34.225586	-77.875600
34.225585	-77.876040
34.225820	-77.876828
34.225749	-77.877343
34.225661	-77.877671
34.225098	-77.877794
34.224843	-77.877365
34.224613	-77.876909
34.224617	-77.877853
34.224125	-77.878239
34.223566	-77.878336
34.220554	-77.871448
34.220035	-77.870643
34.221807	-77.871571
34.221323	-77.871625
34.222175	-77.870461
34.221943	-77.870241
34.221228	-77.870128
34.220948	-77.869951
34.220740	-77.870960
34.222845 -77.864883
34.223172 -77.865297
34.223607 -77.864997
34.223569 -77.865218
34.223227 -77.866841
34.223393 -77.867160
34.224510 -77.867966
34.224719 -77.867781
34.225240 -77.868454
34.225340 -77.868673
34.225264 -77.868084
34.225536 -77.867643
34.226185 -77.868597
34.225898 -77.869102
34.226160 -77.870058
34.227209 -77.867858
34.226868 -77.867034
34.227683 -77.867487
34.228008 -77.867850
34.227582 -77.867289
34.225514 -77.866468