Red Express :              34.224049   -77.883499
                           34.224106   -77.883316
                           34.223816   -77.883011
                           34.223522   -77.882683
                           34.223415   -77.882484
                           34.223324   -77.882301
                           34.223141   -77.881866
                           34.22179   -77.878632
                           34.225029   -77.876358
                           34.223999   -77.874382
                           34.22485   -77.87352
                           34.22504   -77.873779
                           34.224998   -77.873894
                           34.224918   -77.873932
                           34.224739   -77.873718
                           34.224072   -77.87439
                           34.225079   -77.876358
                           34.221863   -77.878647
                           34.221851   -77.8787
                           34.221889   -77.878792
                           34.222008   -77.879066
                           34.222221   -77.879601
                           34.223473   -77.882507
                           34.223621   -77.882736
                           34.223793   -77.882935
                           34.223988   -77.883118
                           34.224182   -77.883293
                           34.22414   -77.883492
                           34.223991   -77.883591
 Green  :   34.224949 -77.873932
            34.224861 -77.873878
            34.224751 -77.873657
            34.224689 -77.87368
            34.224018 -77.874313
            34.22361 -77.873619
            34.222969 -77.872871
            34.222569 -77.872482
            34.222038 -77.872238
            34.22163 -77.872231
            34.221119 -77.872437
            34.220791 -77.872658
            34.220379 -77.87265
            34.220001 -77.8722
            34.219639 -77.871498
            34.219131 -77.871902
            34.21666 -77.872307
            34.21608 -77.866989
            34.212231 -77.867599
            34.21352 -77.88018
            34.213699 -77.881622
            34.216579 -77.881126
            34.216999 -77.880737
            34.21719 -77.880241
            34.217289 -77.879532
            34.217659 -77.878922
            34.218208 -77.878639
            34.218929 -77.878731
            34.219559 -77.879059
            34.220032 -77.879784
            34.221771 -77.878639
            34.225071 -77.87635
            34.224072 -77.874382
            34.22456 -77.873871
            34.224895 -77.873581
            34.224972 -77.873665
            34.22501 -77.873779
            34.225014 -77.873863
            34.224987 -77.873924
 Teal   :       34.251572 -77.874687
             34.251671 -77.874481
             34.251587 -77.87426
             34.251522 -77.874146
             34.251228 -77.874123
             34.250942 -77.874069
             34.250694 -77.873985
             34.250839 -77.873268
             34.250916 -77.872932
             34.250935 -77.872604
             34.250931 -77.872154
             34.250793 -77.871719
             34.249271 -77.871628
             34.243343 -77.870804
             34.242023 -77.870758
             34.240696 -77.870918
             34.239571 -77.871277
             34.238483 -77.871719
             34.238171 -77.870567
             34.237892 -77.86937
             34.23909 -77.868973
             34.240292 -77.868523
             34.240623 -77.868195
             34.240723 -77.867996
             34.240807 -77.867775
             34.240875 -77.867249
             34.240955 -77.866936
             34.241058 -77.866493
             34.241055 -77.866165
             34.240986 -77.865875
             34.240856 -77.865631
             34.24065 -77.865425
             34.239197 -77.866447
             34.238468 -77.866928
             34.237713 -77.867409
             34.234718 -77.869423
             34.233398 -77.870308
             34.232738 -77.87075
             34.232384 -77.870941
             34.231976 -77.871094
             34.23159 -77.871155
             34.231136 -77.87114
             34.230339 -77.871109
             34.228859 -77.871048
             34.228882 -77.871475
             34.228954 -77.871918
             34.229046 -77.872345
             34.229065 -77.872841
             34.229801 -77.874481
             34.230209 -77.87529
             34.230503 -77.875771
             34.230564 -77.875931
             34.230568 -77.876122
             34.230587 -77.876488
             34.230782 -77.876663
             34.234226 -77.87426
             34.235931 -77.873055
             34.236847 -77.872429
             34.237762 -77.871819
             34.238693 -77.871376
             34.239689 -77.87101
             34.241459 -77.870613
             34.242615 -77.870583
             34.243774 -77.870689
             34.244946 -77.870834
             34.24614 -77.870972
             34.247009 -77.871109
             34.247837 -77.871239
             34.248695 -77.871391
             34.249611 -77.871468
             34.250298 -77.871429
             34.250881 -77.871445
             34.250889 -77.871658
             34.250832 -77.872978
             34.25058 -77.874268
             34.250416 -77.874565
             34.250633 -77.874825
             34.250832 -77.875221
             34.251041 -77.875587
             34.251282 -77.875328
             34.251419 -77.875069
             34.251534 -77.874748
Blue :   34.227699  -77.872002
        34.22768  -77.871689
        34.227749  -77.871498
        34.228008  -77.871193
        34.228287  -77.870979
        34.228382  -77.870911
        34.22855  -77.870888
        34.228622  -77.870888
        34.228745  -77.870872
        34.228764  -77.871376
        34.228783  -77.871704
        34.228836  -77.872017
        34.228958  -77.872688
        34.22913  -77.873108
        34.229286  -77.873474
        34.22974  -77.874451
        34.230263  -77.87545
        34.230362  -77.875671
        34.230469  -77.875893
        34.23053  -77.876122
        34.230591  -77.876534
        34.230698  -77.876938
        34.232182  -77.88176
        34.232319  -77.882492
        34.23246  -77.88504
        34.23238  -77.886223
        34.232201  -77.887527
        34.234776  -77.888107
        34.235126  -77.884727
        34.235443  -77.881271
        34.237007  -77.88221
        34.238621  -77.883148
        34.241158  -77.883606
        34.241791  -77.883713
        34.242477  -77.883789
        34.243744  -77.883881
        34.244045  -77.881714
        34.24424  -77.880554
        34.244431  -77.879417
        34.24297  -77.878937
        34.242371  -77.878548
        34.241714  -77.878189
        34.239948  -77.877151
        34.238983  -77.876633
        34.238525  -77.876343
        34.238232  -77.87603
        34.236629  -77.872871
        34.233727  -77.874878
        34.232292  -77.875946
        34.230785  -77.876968
        34.230644  -77.876442
        34.23061  -77.876022
        34.230541  -77.875832
        34.230442  -77.875626
        34.23024  -77.875237
        34.229771  -77.874283
        34.229305  -77.873268
        34.22905  -77.872643
        34.228912  -77.871933
        34.228832  -77.871429
        34.228832  -77.870926
        34.228458  -77.870956
        34.228146  -77.871162
        34.22776  -77.87159
        34.227791  -77.87207
Red :   34.219345   -77.884895
        34.218964   -77.885063
        34.2188   -77.885124
        34.218723   -77.885216
        34.219173   -77.886147
        34.219383   -77.886627
        34.21949   -77.886879
        34.219677   -77.88726
        34.219948   -77.887871
        34.220203   -77.888489
        34.220303   -77.888603
        34.220512   -77.888527
        34.221397   -77.888008
        34.221848   -77.887749
        34.222252   -77.887489
        34.222878   -77.887146
        34.223152   -77.886963
        34.223473   -77.88681
        34.223763   -77.886749
        34.224495   -77.886665
        34.224777   -77.88665
        34.225025   -77.886642
        34.225548   -77.886597
        34.22567   -77.885925
        34.225277   -77.885818
        34.22443   -77.885826
        34.223141   -77.88604
        34.223061   -77.885216
        34.222988   -77.88475
        34.222878   -77.884331
        34.223801   -77.88372
        34.223938   -77.883781
        34.224037   -77.883621
        34.224106   -77.883492
        34.224125   -77.883354
        34.224102   -77.883217
        34.223988   -77.88308
        34.223747   -77.882874
        34.223545   -77.882637
        34.223354   -77.882324
        34.22316   -77.881981
        34.222469   -77.880325
        34.222122   -77.879486
        34.221745   -77.878609
        34.222569   -77.878044
        34.223404   -77.877495
        34.224232   -77.876938
        34.225006   -77.87635
        34.22472   -77.875786
        34.224442   -77.875206
        34.22401   -77.874344
        34.22456   -77.87381
        34.224758   -77.873642
        34.224911   -77.873558
        34.225018   -77.873718
        34.225006   -77.873863
        34.224926   -77.873924
        34.224796   -77.873825
        34.224731   -77.873734
        34.224487   -77.87394
        34.224297   -77.874138
        34.224087   -77.874352
        34.225067   -77.876389
        34.223534   -77.877518
        34.222721   -77.878029
        34.221844   -77.878639
        34.222607   -77.880463
        34.222954   -77.881378
        34.223377   -77.882271
        34.22237   -77.882927
        34.221878   -77.883255
        34.221409   -77.883591
        34.220436   -77.884262
        34.219429   -77.884857
Yellow  :   34.22411   -77.883652
            34.224197   -77.883553
            34.224167   -77.88343
            34.224155   -77.883232
            34.223621   -77.882706
            34.223236   -77.882034
            34.222775   -77.880867
            34.224667   -77.879578
            34.226669   -77.878189
            34.226669   -77.877991
            34.22683   -77.877846
            34.226997   -77.877945
            34.227596   -77.877495
            34.22905   -77.876518
            34.230377   -77.875504
            34.230591   -77.875877
            34.230629   -77.876411
            34.230827   -77.876938
            34.231373   -77.87883
            34.231644   -77.879791
            34.231945   -77.880714
            34.232174   -77.881447
            34.232353   -77.882187
            34.232422   -77.882927
            34.232452   -77.883675
            34.232517   -77.88446
            34.232552   -77.885246
            34.232426   -77.886391
            34.232307   -77.886986
            34.232185   -77.887657
            34.231991   -77.888618
            34.231766   -77.889519
            34.231308   -77.890564
            34.231003   -77.892059
            34.23299   -77.892593
            34.234047   -77.892838
            34.235043   -77.893074
            34.235825   -77.888474
            34.234257   -77.888054
            34.233429   -77.887825
            34.232613   -77.887642
            34.230724   -77.887154
            34.229774   -77.886909
            34.228828   -77.886681
            34.226852   -77.886223
            34.225861   -77.885933
            34.225037   -77.885773
            34.223782   -77.88591
            34.223179   -77.885994
            34.223091   -77.885254
            34.222988   -77.884712
            34.222874   -77.884354
            34.223328   -77.884048
            34.223869   -77.883705
            34.223976   -77.883781
            34.22406   -77.883713
Grey    :   34.232215   -77.887564
            34.234033   -77.887985
            34.235824   -77.888449
            34.235389   -77.890772
            34.234919   -77.893080
            34.230976   -77.892097
            34.231254   -77.890615
            34.231643   -77.889701
            34.231873   -77.889034
            34.232141   -77.887764
            34.232439   -77.886456
            34.232518   -77.885129
            34.232432   -77.883071
            34.232350   -77.882078
            34.231910   -77.880695
            34.231295   -77.879102
            34.230778   -77.876924
            34.230215   -77.875303
            34.229387   -77.873738
            34.229067   -77.872789
            34.228785   -77.871769
            34.228782   -77.871070
            34.228284   -77.870945
            34.227769   -77.871474
            34.227644   -77.871742
Loop    :   34.224209   -77.879837
            34.226631   -77.878212
            34.226662   -77.878151
            34.22662   -77.878036
            34.226662   -77.877937
            34.226761   -77.877876
            34.226871   -77.877899
            34.22691   -77.87796
            34.230301   -77.875542
            34.229118   -77.87307
            34.228951   -77.87252
            34.229012   -77.872711
            34.22884   -77.871841
            34.22879   -77.871353
            34.228809   -77.870934
            34.228409   -77.870956
            34.22813   -77.871117
            34.227711   -77.87162
            34.22773   -77.871872
            34.227821   -77.872108
            34.227772   -77.872147
            34.22765   -77.872078
            34.227619   -77.871941
            34.227692   -77.871872
            34.227619   -77.871643
            34.228149   -77.87104
            34.228588   -77.87088
            34.228821   -77.870872
            34.229031   -77.866257
            34.228489   -77.866219
            34.227509   -77.866333
            34.226871   -77.866531
            34.226311   -77.866791
            34.22578   -77.867119
            34.224701   -77.865341
            34.224998   -77.865112
            34.225109   -77.864777
            34.225658   -77.86422
            34.22596   -77.863838
            34.226292   -77.864014
            34.22718   -77.863129
            34.22691   -77.86261
            34.22686   -77.862106
            34.226791   -77.861954
            34.22644   -77.861572
            34.226181   -77.86097
            34.225079   -77.860397
            34.224682   -77.861328
            34.224751   -77.861938
            34.22382   -77.862312
            34.224121   -77.862984
            34.224098   -77.863182
            34.224018   -77.863441
            34.223911   -77.863579
            34.223808   -77.863388
            34.22369   -77.863358
            34.22364   -77.86348
            34.223671   -77.863602
            34.223881   -77.863693
            34.224651   -77.865303
            34.224609   -77.865402
            34.221607   -77.867462
            34.21867   -77.869751
            34.220181   -77.872452
            34.220329   -77.872589
            34.22049   -77.872658
            34.220779   -77.872658
            34.221458   -77.872276
            34.22176   -77.872223
            34.22224   -77.872299
            34.222698   -77.872597
            34.223438   -77.873367
            34.223782   -77.873863
            34.22398   -77.874207
            34.223999   -77.874336
            34.224892   -77.87352
            34.225029   -77.873787
            34.224998   -77.873878
            34.22488   -77.873878
            34.22488   -77.873917
            34.224739   -77.873734
            34.224049   -77.874352
            34.224289   -77.874901
            34.225052   -77.876373
            34.221809   -77.878616
            34.222759   -77.880852
            34.224152   -77.879868
Loop Express    :   34.224972   -77.873909
                    34.224751   -77.873734
                    34.224079   -77.87439
                    34.225052   -77.876358
                    34.221821   -77.878609
                    34.222752   -77.880829
                    34.226608   -77.878166
                    34.22665   -77.87812
                    34.22662   -77.878059
                    34.226662   -77.87793
                    34.226791   -77.877892
                    34.226879   -77.877968
                    34.226952   -77.877937
                    34.230301   -77.875557
                    34.229111   -77.873093
                    34.228741   -77.87149
                    34.228779   -77.870956
                    34.228561   -77.870941
                    34.228142   -77.871109
                    34.227654   -77.871651
                    34.227657   -77.871788
                    34.227711   -77.871887
                    34.227798   -77.872063
                    34.227798   -77.872116
                    34.227711   -77.872108
                    34.227638   -77.872032
                    34.227627   -77.871826
                    34.227589   -77.871643
                    34.228168   -77.871033
                    34.228359   -77.870934
                    34.228779   -77.870888
                    34.229   -77.866249
                    34.228168   -77.866249
                    34.22752   -77.866341
                    34.226891   -77.866508
                    34.226311   -77.866768
                    34.225761   -77.867111
                    34.224781   -77.865509
                    34.224651   -77.865417
                    34.2215   -77.867554
                    34.21875   -77.869751
                    34.220261   -77.872498
                    34.220428   -77.87262
                    34.220791   -77.872658
                    34.221661   -77.872223
                    34.222   -77.872208
                    34.222328   -77.87233
                    34.222721   -77.872627
                    34.22337   -77.873306
                    34.223728   -77.873772
                    34.22406   -77.874321
                    34.224838   -77.873589
                    34.224998   -77.873703
                    34.225029   -77.873802
                    34.224998   -77.873894